camera_matrix:
  - 1464.329
  - 0
  - 639.5
  - 0
  - 1464.329
  - 359.5
  - 0
  - 0
  - 1
distorsion:
  - 0.03501607
  - 0.1322621
  - 0
  - 0
  - 0