camera_matrix:
  - 1056.599
  - 0
  - 639.5
  - 0
  - 1056.599
  - 359.5
  - 0
  - 0
  - 1
distorsion:
  - 0.08322956
  - -0.4555894
  - 0
  - 0
  - 0