camera_matrix:
  - 1607.59
  - 0
  - 959.5
  - 0
  - 1607.59
  - 539.5
  - 0
  - 0
  - 1
distortion:
  - 0.08611704
  - -0.4606175
  - 0
  - 0
  - 0